3 10 10 10 1 

-25.07362 37.73421 -31.72435 -31.26472 -31.76621 26.3679 -31.177 -31.61105 -61.52036 -20.37142 -11.4021 -6.289287 -14.94015 -14.71464 -14.95936 -6.412532 -14.67228 -14.88477 -22.16751 6.510082 2.509308 17.99055 4.31054 4.199897 4.320485 2.606436 4.179978 4.283198 -7.157431 51.17633 

4.28388 -5.325933 2.540206 -4.687639 -2.108903 -3.838455 -2.18287 -0.0942865 -4.00821 5.448106 10.56255 -5.415276 9.759242 -14.32166 -14.44977 -4.118569 -13.52666 8.802231 -5.453551 6.686022 -5.535269 -4.064894 4.279084 4.093744 1.550077 -8.104652 1.634669 5.46699 -3.562393 2.432817 -3.878357 -3.289601 5.442069 5.172883 1.212213 -6.999149 1.328871 5.218931 -2.950597 3.121127 -4.089715 -3.500528 3.980667 4.848085 2.011377 -7.659223 2.342206 3.564642 -3.460475 3.633499 6.883731 -3.653434 0.5020306 -6.407806 -3.157891 15.34681 -3.812213 -1.287743 -3.546227 2.340704 -4.232117 -3.050571 5.85156 4.348201 0.5767937 -8.228 1.510264 5.606064 -2.45504 3.622224 -4.93856 -3.986626 5.401215 5.603886 0.7120883 -7.385721 0.9774359 5.21932 -3.354105 2.653084 2.354568 -3.091635 -10.70431 -4.98474 14.04309 -10.13161 11.86548 -11.46348 -3.168294 0.6052019 4.222189 -13.14465 7.209296 0.9309682 -6.171924 -3.499435 -5.888366 3.366255 -12.53431 9.219074 

4.342828 -1.067923 -2.206191 -0.4219694 0.7842423 -4.819224 0.5304758 -2.050838 0.3053684 -0.3271369 4.315208 0.410018 -0.9896522 -1.409151 -0.8669546 -3.893463 -1.216819 -2.755999 4.894174 -0.0359252 -1.181339 -2.450399 -0.6858783 0.09216125 2.295213 0.7854763 1.757893 2.615176 -2.231402 -2.394302 -3.464147 -1.667919 3.703699 3.195122 1.683227 4.549495 1.342066 2.232408 -1.321925 -1.833899 -3.793348 -2.255914 3.658951 3.945944 2.727638 2.512238 2.933112 0.6144131 -1.714237 -1.222539 3.412341 -0.6534583 -2.53939 -1.935462 0.9645025 -2.851275 0.2317786 -1.442225 2.625965 -1.166138 -3.237641 -1.492404 4.683243 2.876515 1.072901 2.590466 1.870252 1.993275 -0.1273763 -1.297162 0.5783635 -1.839685 0.7176607 1.579492 1.124515 1.885579 0.6169072 1.042131 -0.1759318 -1.778844 3.485222 -0.07344965 -1.817085 -0.5962664 0.419564 -4.157871 -0.4394816 -3.53351 4.667181 -0.6966808 -2.790566 -2.021003 1.412354 2.944273 2.204977 1.25022 2.238873 1.952718 -5.816622 -2.305848 

4.665072 0.8327273 -2.721665 -1.904495 -0.379586 -3.339891 -0.3585058 -0.8439808 3.531784 0.3602866 

1 

