3 10 10 10 1 

-35.31306 -35.30991 -35.3117 -35.30901 -35.31742 -35.31623 -35.31664 -35.31314 -35.31468 -35.31234 20.15713 20.1555 20.15645 20.15501 20.15936 20.15874 20.15916 20.15714 20.15801 20.15677 -5.955781 -5.955198 -5.955527 -5.95478 -5.956522 -5.956278 -5.956355 -5.955662 -5.956019 -5.955401 

-25.84346 12.36469 14.52088 13.58929 -23.39935 5.347529 13.26045 15.76123 -18.93098 8.50633 -26.44219 12.58693 14.72795 14.03455 -22.6175 7.007778 13.04799 14.54161 -19.26472 7.70138 -25.87544 12.95054 14.59355 14.04677 -22.59416 5.458138 11.52989 14.79915 -20.90437 8.139125 -25.99355 13.49019 14.16174 15.06465 -22.52295 6.273573 11.91595 15.00378 -19.5368 7.964871 -26.37945 12.94646 13.83124 13.56508 -23.36136 5.288691 12.71331 15.61276 -19.06817 8.344845 -26.00496 11.70527 14.18314 13.52021 -23.67189 6.300404 11.26567 16.0078 -19.99087 8.335161 -26.87785 12.57311 12.78702 13.72152 -22.69186 6.20613 12.8925 14.85568 -20.18533 8.283406 -27.03148 13.10743 13.68022 13.25403 -22.54573 6.179493 11.48793 15.38527 -20.19105 7.396542 -26.78305 11.44889 14.64328 13.5405 -22.99077 5.16808 13.13748 14.29846 -20.23144 7.58942 -26.01987 12.85822 13.11874 13.13798 -23.71956 5.65134 12.6479 15.44386 -19.86125 8.20131 

0.4976372 -4.023375 12.04606 -10.84524 -14.21189 -19.55593 18.21276 8.165968 9.855857 6.042606 -1.509738 1.811635 -4.642911 4.758698 6.436465 8.974536 -6.788887 -4.621673 -3.578548 -3.553094 -1.00847 2.377832 -5.187553 5.400978 7.002786 8.332822 -9.002214 -4.598292 -5.687854 -3.296602 -0.9980984 2.780379 -5.538119 6.019694 7.040471 8.792326 -8.463681 -4.356683 -3.988678 -3.376087 -0.5079778 -2.948539 10.28929 -9.538871 -12.99729 -17.35001 15.84256 7.452607 8.39039 5.400815 -1.490143 0.4854405 -2.018775 1.84067 1.778424 3.756799 -4.107101 -0.9727933 -2.417332 -1.329826 -2.648394 2.093771 -6.06295 4.76271 5.694883 8.053728 -6.345571 -3.800559 -4.812643 -2.715799 -2.354779 2.643122 -6.548705 4.957873 7.437415 9.728089 -9.658864 -4.236176 -5.335563 -4.207948 -0.5209678 -4.424704 9.579848 -8.69977 -10.89162 -15.59324 14.28443 5.045185 6.6125 3.980747 -1.149433 1.722578 -4.368419 2.360622 3.122972 4.60919 -4.333063 -2.502661 -2.839236 -2.162184 

0.5077328 -0.8943789 2.329324 -1.543905 -1.903103 -2.569093 2.509646 2.968988 2.814447 2.950031 

1 

