3 10 10 10 1 

25.45051 -24.46947 -24.58096 -24.2163 -24.12848 25.09284 -24.21852 -24.57438 -24.17142 -24.58813 -12.08827 11.59678 11.65269 11.47015 11.42628 -11.90963 11.47116 11.64945 11.44761 11.65621 -0.00999712 0.009451726 0.009541489 0.009449205 0.009283111 -0.009960128 0.009459569 0.009588797 0.009436719 0.009505811 

3.429947 -3.945117 -3.11549 -3.213371 -3.194273 -3.83825 -3.744296 -2.924808 -3.833154 -2.288505 -2.387726 2.418659 2.183133 2.660643 1.412207 1.718485 2.632274 1.28334 0.8941013 1.394982 -2.476316 2.003813 1.819194 0.7938779 2.419421 1.140038 2.131075 2.302546 2.312114 2.641471 -0.85157 2.18887 1.125363 2.022759 1.490936 1.439433 2.311716 2.094081 1.873134 1.860524 -0.8118485 1.14686 2.255309 2.129941 2.67835 1.290287 0.65244 2.258228 2.092749 2.161743 3.077714 -2.300923 -2.785959 -3.030432 -2.93928 -2.108217 -2.610836 -3.224313 -2.326062 -4.020514 -1.871694 1.41121 1.849498 1.924691 1.483085 2.60846 0.908801 2.307033 2.583402 0.8117599 -2.672417 2.168241 1.840536 1.144416 1.412251 1.802836 2.784069 1.220919 2.137534 2.500854 -1.962627 1.580904 0.9942362 2.360153 2.023768 1.905111 1.239207 1.6466 1.302708 1.742747 -2.246872 2.029851 2.408614 1.84621 1.769562 2.680503 2.424112 1.681304 1.654432 1.852332 

-1.563817 -3.435779 -1.697985 -3.24932 -2.895413 -3.110712 -2.146748 -2.884196 -3.084962 0.3617183 -1.715356 1.96653 -1.073011 2.373668 1.111892 1.252964 1.788689 1.028104 0.3732226 -2.127135 -1.590781 1.17334 -1.153683 0.138537 1.772128 0.3139619 1.279434 1.760706 1.479035 -0.2542643 -0.3664994 1.814103 -2.071544 1.712595 1.113658 0.9332432 1.710975 1.816966 1.404695 -1.353275 -0.6959143 0.8739324 -0.6941379 1.779501 2.152104 0.704649 0.4426996 1.938001 1.754118 -0.382443 -0.03841237 1.337098 -0.6367656 0.430344 0.8164203 2.14323 1.561851 0.000961889 1.572295 -2.048999 -1.592322 1.064063 -1.385039 1.728647 1.199421 2.214281 0.3673557 2.058153 2.195314 -2.463967 -2.082516 1.72115 -1.395584 0.829501 1.084074 1.315425 1.968969 0.9577266 1.616685 -0.9485537 -1.689374 1.132452 -2.224385 2.0318 1.611084 1.370438 0.6634163 1.306643 0.8149898 -1.415739 -2.051696 1.604285 -0.7483543 1.524996 1.388868 2.182326 1.858508 1.382577 1.188973 -1.245752 

0.6120898 -2.178488 0.4684261 -1.895844 -1.385966 -1.67919 -0.6528181 -1.380997 -1.629545 1.00596 

1 

