3 10 10 10 1 

-22.36366 -22.64285 32.91028 -22.32457 -22.56859 -22.49904 -22.31107 -22.18945 -22.75071 32.73466 0.0360761 0.04147339 12.68439 0.03517208 0.04081287 0.03884913 0.03634765 0.03418769 0.04331803 -12.54708 -11.78825 -11.92812 23.63869 -11.76835 -11.8912 -11.85638 -11.76225 -11.7011 -11.98202 23.47523 

-1.270137 2.446148 -1.028862 2.159194 0.9436942 2.67748 2.650638 1.068832 1.535233 -1.851308 -2.150201 2.30792 -2.437026 1.726258 2.457534 2.550014 2.423567 0.9577157 1.988155 -1.35186 3.850063 -3.994612 -2.33525 -3.07211 -4.851744 -0.1934742 -3.131388 -3.79319 -1.196711 -2.081636 -0.8182043 1.378101 -2.082705 2.796137 2.434187 0.9884551 2.376678 1.881108 1.27603 -0.6929095 -2.69626 2.717868 -1.815265 1.488399 2.733801 1.483278 1.206913 2.185318 2.047983 -1.715518 -1.803604 1.033947 -1.604675 1.533422 2.231244 1.707453 2.045207 2.218166 2.678673 -2.420332 -2.237792 1.657443 -0.6262056 1.90594 1.151374 1.683262 1.542814 2.589749 2.107416 -1.418979 -1.634325 0.9841914 -1.496157 1.447555 1.535022 2.875379 1.363092 2.011046 1.452482 -1.195261 -2.157371 2.287515 -2.042928 2.266731 2.339263 2.119533 1.573432 2.169061 2.625707 -1.682849 1.371614 -1.607345 -2.531921 -2.890594 -0.9035274 -5.440914 -2.7711 -1.976903 -4.591804 -2.071947 

-1.755709 -1.871595 -1.820525 -1.795046 -3.841344 -1.811571 -2.0399 -3.689987 -1.767071 -1.92942 -1.721509 -0.8799379 -2.213185 -1.640856 1.882924 -0.84347 -0.8250189 0.5842932 1.386028 1.560241 0.4303581 -0.4524331 0.306013 0.2036015 -1.031401 0.5463134 -0.5716268 -0.5059067 0.9416636 1.294417 -0.6456437 -2.074 -2.060187 -0.5998119 2.164297 -2.456084 -0.9655253 1.579652 0.9248865 2.444187 -2.16926 -0.6953323 -1.608232 -2.18896 2.428523 -2.390512 -2.463914 2.140169 1.653739 1.538283 -1.679492 -2.398338 -1.648975 -1.849218 2.181158 -1.824085 -1.37501 2.122259 2.470385 0.760702 -2.080778 -1.768597 -0.5730889 -1.519229 0.8853505 -1.795828 -1.815733 2.290771 1.78729 1.688372 -1.127275 -2.514551 -1.263473 -2.229628 1.033728 -0.9204781 -2.264035 1.719496 0.9166405 1.981186 -1.787977 -1.087465 -1.952538 -1.259446 2.095026 -1.577303 -1.972559 2.104651 2.292564 1.495128 0.1633851 0.3800235 0.5135824 0.04822035 -0.5855635 -0.9197168 -0.4824676 -0.3454844 -0.7076303 1.095723 

0.9966472 1.153157 1.070659 1.05082 -4.096174 1.508384 1.422737 -3.65187 -0.8990918 -0.9973166 

1 

