2 10 10 1 

-0.7263113 -8.274594 -2.193273 -1.267623 4.677677 -0.8334223 -0.7313763 -0.9457192 -3.516806 0.4236953 43.68417 35.03241 -0.7296612 -2.511308 -1.460459 -4.430916 -5.017946 -4.223627 0.7906316 -11.10255 

-0.6762057 -7.635782 2.539586 5.034609 -3.298619 -3.083257 3.270786 6.856261 -3.73455 -6.392858 0.3418388 2.00991 -1.400809 -5.109007 2.304667 -0.2630061 -3.605468 -8.095192 0.6141419 -0.473267 0.3894666 0.2336003 0.4148869 0.3375223 0.5127426 0.03050156 -0.3178466 0.1671858 -0.8874115 0.4741732 0.4809813 -0.1695024 -0.3473869 -0.5329223 1.157394 -0.2542232 -0.9172298 -0.3933979 -0.6284716 1.019385 -0.934213 2.099519 -0.2681823 -1.643345 0.4042817 -0.1039507 -0.1317625 -1.730783 -0.06707817 0.6550409 -1.046846 0.8510966 -0.7012346 -0.6642388 0.2675987 0.1343655 0.3268462 -0.4670015 1.278118 0.4836634 -0.5861118 -0.05340895 0.06178189 0.165551 -0.2451123 1.494709 -1.206415 -1.272641 1.462635 1.487156 -0.3734206 1.129231 -0.1863879 -0.9082472 0.1545621 -0.3705389 -0.315459 -0.8994746 -0.01913555 1.026232 -0.07587762 -0.2832706 0.1685147 0.7911097 -0.7489579 0.4089524 0.1486454 0.4321956 -0.4748022 0.9575692 -0.8691522 3.484577 -0.9657978 -1.430028 0.9308885 1.580939 -1.459773 -1.233537 2.461255 2.264699 

-0.4821395 -2.679615 -0.07966959 1.66204 -1.883168 -0.853801 0.5719665 3.083266 -1.216995 -1.746727 

1 

